,City,Lat,Lng,Max Temp,Humidity,Cloudiness,Wind Speed,Country,Date
0,Rikitea,-23.12,-134.97,74.62,81,100,20.0,PF,1603079327
1,Jamestown,42.1,-79.24,55.0,62,90,10.29,US,1603079457
2,Beyneu,45.32,55.2,55.72,34,0,13.62,KZ,1603079594
3,Ushuaia,-54.8,-68.3,37.4,74,20,16.11,AR,1603079595
4,Devils Lake,48.11,-98.87,28.4,50,90,12.75,US,1603079409
5,Nizwá,22.93,57.53,83.5,11,7,4.18,OM,1603079442
6,Vila Velha,-20.33,-40.29,68.0,100,90,4.7,BR,1603079450
7,Shingū,33.73,135.98,60.8,87,75,3.36,JP,1603079550
8,Krasnyye Tkachi,57.49,39.76,37.4,86,90,8.95,RU,1603079600
9,Howard Springs,-12.5,131.05,90.0,55,20,10.29,AU,1603079601
10,George Town,5.41,100.34,86.0,70,20,3.36,MY,1603079416
11,Talnakh,69.49,88.4,10.4,92,20,13.42,RU,1603079429
12,Ust'-Ilimsk,58.0,102.66,31.26,92,97,13.82,RU,1603079482
13,Fairbanks,64.84,-147.72,19.99,67,90,2.53,US,1603079403
14,Bluff,-46.6,168.33,53.01,75,92,11.99,NZ,1603079415
15,Saint Paul Harbor,57.79,-152.41,44.6,81,75,4.7,US,1603079422
16,Dalby,-27.18,151.27,81.0,30,0,4.0,AU,1603079608
17,Kiryat Gat,31.61,34.76,71.01,86,0,2.95,IL,1603079520
18,Mataura,-46.19,168.86,53.01,75,100,11.99,NZ,1603079419
19,Kieta,-6.22,155.63,84.24,68,53,2.01,PG,1603079612
20,Waipawa,-41.41,175.52,60.8,93,96,31.09,NZ,1603079362
21,Cape Town,-33.93,18.42,61.0,87,86,8.05,ZA,1603079581
22,Salina Cruz,16.17,-95.2,80.4,72,18,12.21,MX,1603079615
23,Thinadhoo,0.53,72.93,82.78,78,59,15.61,MV,1603079616
24,Bredasdorp,-34.53,20.04,57.2,87,91,2.24,ZA,1603079407
25,Khovd,48.01,91.64,45.63,49,0,7.07,MN,1603079423
26,Portland,45.52,-122.68,62.01,85,72,1.01,US,1603079395
27,Tiksi,71.69,128.87,16.38,94,94,18.39,RU,1603079404
28,Bonavista,48.65,-53.11,51.01,77,75,1.99,CA,1603079621
29,Albany,42.6,-73.97,53.01,65,79,6.85,US,1603079324
30,Busselton,-33.65,115.33,80.01,35,10,7.18,AU,1603079623
31,Warwick,41.7,-71.42,48.99,87,40,3.36,US,1603079603
32,Hilo,19.73,-155.09,78.8,78,90,4.7,US,1603079462
33,Vaini,-21.2,-175.2,73.4,78,75,10.29,TO,1603079627
34,Umm Kaddadah,13.6,26.69,79.45,17,17,6.33,SD,1603079628
35,Krasnoarmiys'k,48.28,37.18,50.34,70,99,3.44,UA,1603079629
36,Buala,-8.14,159.59,85.68,69,32,4.97,SB,1603079630
37,Calatayud,41.35,-1.64,48.0,61,24,3.44,ES,1603079631
38,Yellowknife,62.46,-114.35,23.0,92,90,2.24,CA,1603079412
39,Hermanus,-34.42,19.23,57.99,87,80,1.01,ZA,1603079633
40,Blanquefort,44.91,-0.64,46.99,87,83,5.82,FR,1603079634
41,Butaritari,3.07,172.79,82.04,72,35,15.84,KI,1603079425
42,Fukuechō,32.69,128.84,69.8,49,75,13.87,JP,1603079636
43,Kaitangata,-46.28,169.85,53.01,85,100,1.01,NZ,1603079637
44,Moerai,-22.43,-151.33,75.51,83,8,13.22,PF,1603079638
45,San Quintín,30.48,-115.95,71.35,71,93,12.95,MX,1603079640
46,New Norfolk,-42.78,147.06,63.0,60,97,3.0,AU,1603079641
47,Dhrāngadhra,22.98,71.47,90.0,54,4,4.29,IN,1603079642
48,Dikson,73.51,80.55,26.13,96,18,28.23,RU,1603079643
49,Norman Wells,65.28,-126.83,6.8,84,20,3.36,CA,1603079644
50,Port Lincoln,-34.73,135.87,59.9,59,2,9.98,AU,1603079423
51,Tuktoyaktuk,69.45,-133.04,14.0,92,40,2.24,CA,1603079646
52,Labuhan,-6.88,112.21,84.22,68,99,12.66,ID,1603079407
53,Nantucket,41.28,-70.1,54.0,72,1,6.93,US,1603079417
54,Dębica,50.05,21.41,46.0,81,40,11.41,PL,1603079649
55,Hobart,-42.88,147.33,63.0,47,75,6.93,AU,1603079373
56,Viranşehir,37.24,39.76,61.83,34,33,3.13,TR,1603079651
57,Saskylakh,71.92,114.08,19.62,97,98,6.33,RU,1603079406
58,Qaanaaq,77.48,-69.36,25.63,86,37,7.31,GL,1603079653
59,Arraial do Cabo,-22.97,-42.03,71.24,80,99,22.41,BR,1603079392
60,La Asuncion,11.03,-63.86,80.24,84,7,7.45,VE,1603079656
61,Gemeente Wageningen,51.97,5.67,48.99,100,90,3.36,NL,1603079657
62,Kapaa,22.08,-159.32,80.01,88,75,5.82,US,1603079658
63,Bambanglipuro,-7.95,110.28,81.54,74,96,9.73,ID,1603079659
64,Porto-Novo,6.5,2.6,77.18,90,8,6.26,BJ,1603079660
65,Lebu,-37.62,-73.65,47.93,86,38,1.77,CL,1603079661
66,Plettenberg Bay,-34.05,23.37,57.29,78,99,2.15,ZA,1603079662
67,Mar del Plata,-38.0,-57.56,68.0,94,90,6.93,AR,1603079663
68,Shakawe,-18.37,21.85,63.97,26,0,4.41,BW,1603079664
69,Ribeira Grande,38.52,-28.7,62.94,72,8,22.39,PT,1603079665
70,Provideniya,64.38,-173.3,35.6,93,20,6.71,RU,1603079666
71,Vrangel',42.73,133.08,54.5,41,0,9.33,RU,1603079434
72,Buchanan,5.88,-10.05,75.99,88,96,0.96,LR,1603079668
73,Bethel,41.37,-73.41,48.0,94,51,3.51,US,1603079669
74,Atar,20.52,-13.05,83.86,30,15,8.12,MR,1603079537
75,Punta Arenas,-53.15,-70.92,37.4,74,75,34.45,CL,1603079672
76,Verkhoyansk,67.54,133.38,17.35,94,100,6.76,RU,1603079673
77,Atuona,-9.8,-139.03,78.53,74,1,19.44,PF,1603079674
78,Faanui,-16.48,-151.75,79.65,80,68,10.65,PF,1603079593
79,Isangel,-19.55,169.27,82.4,65,75,10.13,VU,1603079676
80,Nikolskoye,59.7,30.79,35.6,89,75,8.95,RU,1603079677
81,Cleveland,41.5,-81.7,54.0,76,90,6.93,US,1603079578
82,Tacuarembó,-31.73,-55.98,65.59,87,0,4.43,UY,1603079679
83,Nemuro,43.32,145.57,64.4,39,20,4.7,JP,1603079680
84,Kamenka,51.32,42.77,39.0,85,27,6.71,RU,1603079681
85,Torbay,47.67,-52.73,53.01,100,90,2.24,CA,1603079592
86,Klungkung,-8.53,115.4,86.0,70,20,12.75,ID,1603079683
87,São Filipe,14.9,-24.5,80.17,80,95,3.36,CV,1603079416
88,Khatanga,71.97,102.5,9.61,90,0,7.83,RU,1603079685
89,Yulara,-25.24,130.99,73.4,69,75,19.46,AU,1603079663
90,Gazojak,41.19,61.4,59.9,29,0,11.68,TM,1603079688
91,La Rioja,42.25,-2.5,48.0,86,73,3.36,ES,1603079689
92,Douglas,41.3,-96.17,37.99,76,90,3.02,US,1603079690
93,East London,-33.02,27.91,59.0,82,40,4.7,ZA,1603079428
94,Cidreira,-30.18,-50.21,67.28,81,0,20.62,BR,1603079528
95,Slantsy,59.12,28.09,36.63,86,76,9.84,RU,1603079693
96,Rūdbār,30.15,62.6,61.02,31,0,8.84,AF,1603079694
97,Raudeberg,61.99,5.14,39.0,90,100,4.97,NO,1603079695
98,Ust-Maya,60.42,134.53,20.39,90,94,5.48,RU,1603079696
99,Bracebridge,45.03,-79.32,42.01,93,90,9.17,CA,1603079697
100,Tigil',57.8,158.67,43.61,66,100,15.28,RU,1603079698
101,Zarubino,42.63,131.09,53.13,44,0,6.62,RU,1603079699
102,Ilulissat,69.22,-51.1,51.8,40,100,23.04,GL,1603079700
103,Pevek,69.7,170.31,26.46,94,14,16.46,RU,1603079702
104,Chililabombwe,-12.36,27.82,61.39,44,0,6.13,ZM,1603079703
105,Matadi,-5.82,13.45,75.72,84,99,3.47,CD,1603079704
106,Sur,22.57,59.53,84.92,38,22,20.22,OM,1603079466
107,Skjervøy,70.03,20.97,38.34,73,1,10.78,NO,1603079706
108,Castro,-24.79,-50.01,59.04,93,80,7.4,BR,1603079555
109,Jiuquan,39.74,98.52,57.97,26,88,14.2,CN,1603079708
110,Dubbo,-32.25,148.62,73.4,33,26,3.36,AU,1603079709
111,Petauke,-14.24,31.33,68.18,31,30,4.0,ZM,1603079710
112,Praia da Vitória,38.73,-27.07,57.2,87,75,15.21,PT,1603079711
113,Barrow,71.29,-156.79,23.0,79,90,14.99,US,1603079713
114,Kolokani,13.57,-8.03,78.85,32,8,4.41,ML,1603079714
115,Padang,-0.95,100.35,86.56,57,24,4.05,ID,1603079715
116,Bahía Blanca,-38.72,-62.27,63.66,28,0,8.23,AR,1603079716
117,Naze,28.37,129.48,78.8,83,75,23.04,JP,1603079717
118,Carnarvon,-24.87,113.63,75.2,64,49,17.22,AU,1603079418
119,Alice Springs,-23.7,133.88,75.2,44,75,11.41,AU,1603079422
120,Kattivākkam,13.22,80.32,84.2,83,75,6.93,IN,1603079720
121,Avarua,-21.21,-159.78,78.8,74,32,5.82,CK,1603079721
122,Pereslavl'-Zalesskiy,56.74,38.86,39.49,89,100,11.1,RU,1603079723
123,Mossamedes,-15.2,12.15,66.72,83,0,2.77,AO,1603079724
124,Port Elizabeth,-33.92,25.57,53.6,93,75,2.24,ZA,1603079664
125,Esperance,-33.87,121.9,69.8,73,90,5.82,AU,1603079726
126,Banepā,27.63,85.52,71.6,78,75,2.24,NP,1603079727
127,Taguatinga,-12.39,-46.57,85.75,38,81,7.45,BR,1603079728
128,Almaznyy,48.04,40.05,53.6,66,100,6.71,RU,1603079729
129,Chui,-33.7,-53.46,61.9,89,0,6.67,UY,1603079461
130,Clearwater,27.97,-82.8,78.01,83,61,9.17,US,1603079535
131,Sindor,62.86,51.89,30.61,99,100,6.98,RU,1603079732
132,Puerto Ayora,-0.74,-90.35,70.0,93,100,5.99,EC,1603079458
133,Itarema,-2.92,-39.92,79.47,82,27,14.83,BR,1603079734
134,Namie,37.48,141.0,64.99,76,75,6.93,JP,1603079735
135,Hudson,40.72,-74.07,59.0,67,1,3.36,US,1603079737
136,Quatre Cocos,-20.21,57.76,78.01,69,40,11.41,MU,1603079738
137,Lorengau,-2.02,147.27,84.18,74,82,4.68,PG,1603079739
138,Malanje,-9.54,16.34,67.03,95,97,6.02,AO,1603079740
139,Kaoma,-14.78,24.8,61.75,32,5,5.26,ZM,1603079741
140,Talcahuano,-36.72,-73.12,53.6,81,19,8.05,CL,1603079742
141,Narsaq,60.92,-46.05,39.2,86,98,3.36,GL,1603079743
142,Mastic Beach,40.77,-72.85,48.2,87,75,3.36,US,1603079641
143,Coahuayana Viejo,18.73,-103.68,79.68,89,99,1.25,MX,1603079745
144,Suntar,62.14,117.63,27.36,89,58,7.45,RU,1603079746
145,San Ramon,37.78,-121.98,72.0,60,1,3.36,US,1603079475
146,Middle Island,40.88,-72.94,52.0,87,75,3.36,US,1603079748
147,Kaeo,-35.1,173.78,63.66,74,55,11.86,NZ,1603079750
148,Jesús María,-30.98,-64.09,86.0,60,0,8.05,AR,1603079751
149,Tanout,14.97,8.89,83.43,15,0,7.02,NE,1603079752
150,Bereda,43.27,-7.54,55.99,100,100,3.0,ES,1603079753
151,Oodweyne,9.41,45.06,72.75,42,0,4.65,SO,1603079754
152,Port Alfred,-33.59,26.89,60.64,84,70,3.18,ZA,1603079755
153,Marawi,8.0,124.29,78.13,83,97,3.74,PH,1603079756
154,Olinda,-8.01,-34.86,77.0,83,40,9.17,BR,1603079626
155,Westport,41.14,-73.36,57.2,67,20,8.05,US,1603079459
156,Lusambo,-4.97,23.45,69.15,96,93,1.66,CD,1603079759
157,Rome,43.21,-75.46,55.4,54,90,10.29,US,1603079761
158,Kumul,42.8,93.45,58.62,30,35,5.41,CN,1603079762
159,Gardez,33.6,69.23,52.56,35,0,3.06,AF,1603079763
160,Ryde,50.73,-1.16,54.0,81,100,10.51,GB,1603079608
161,Oranjestad,12.52,-70.03,84.2,79,40,16.11,AW,1603079765
162,Hässleholm,56.16,13.77,37.0,100,59,5.28,SE,1603079766
163,Pisco,-13.7,-76.22,64.4,72,0,6.93,PE,1603079767
164,Yuanping,38.72,112.76,60.98,28,0,2.3,CN,1603079768
165,Yashalta,46.34,42.28,61.12,84,99,4.76,RU,1603079769
166,Kloulklubed,7.04,134.26,80.6,88,90,6.93,PW,1603079770
167,Emerald,-23.53,148.17,91.99,33,0,6.93,AU,1603079662
168,Faya,18.39,42.45,53.6,30,0,8.05,SA,1603079772
169,Emiliano Zapata,18.83,-99.18,69.01,77,75,1.3,MX,1603079774
170,Itoman,26.12,127.67,84.2,74,20,23.04,JP,1603079775
171,Slave Lake,55.28,-114.77,21.2,67,90,4.7,CA,1603079776
172,Ushtobe,45.25,77.98,53.51,42,0,11.14,KZ,1603079777
173,Opuwo,-18.06,13.84,66.52,27,0,6.38,NA,1603079778
174,Helena,46.59,-112.04,32.0,86,90,0.58,US,1603079779
175,Mahon,39.89,4.27,59.0,72,0,4.7,ES,1603079780
176,Canto do Buriti,-8.11,-42.94,82.02,44,1,8.23,BR,1603079781
177,Saint-Philippe,-21.36,55.77,77.0,53,75,3.36,RE,1603079782
178,Lavrentiya,65.58,-171.0,34.92,87,13,6.06,RU,1603079783
179,Tiznit Province,29.58,-9.5,65.91,32,0,6.13,MA,1603079521
180,Kuala Kedah,6.1,100.3,87.8,74,20,2.24,MY,1603079785
181,Kenai,60.55,-151.26,35.6,80,90,4.7,US,1603079678
182,Novopavlovka,51.22,109.21,44.4,56,100,2.44,RU,1603079788
183,Wattegama,6.8,81.48,82.4,83,90,8.05,LK,1603079789
184,Hay River,60.82,-115.8,19.4,79,75,5.82,CA,1603079556
185,Touros,-5.2,-35.46,77.0,78,40,6.93,BR,1603079791
186,Okhotsk,59.38,143.3,30.15,78,7,22.59,RU,1603079792
187,Banjar,-8.19,114.97,86.0,70,20,12.75,ID,1603079793
188,Minnedosa,50.25,-99.84,15.8,78,5,5.82,CA,1603079794
189,Burns Lake,54.23,-125.75,28.15,97,100,1.7,CA,1603079795
190,San Carlos,9.66,-68.58,73.02,90,49,2.89,VE,1603079796
191,Lewistown,40.6,-77.57,50.0,87,1,2.42,US,1603079797
192,Aksu,41.12,80.26,61.84,27,0,3.62,CN,1603079798
193,Kuala Terengganu,5.33,103.14,87.8,70,20,2.24,MY,1603079799
194,Calbuco,-41.77,-73.13,42.8,93,75,3.36,CL,1603079800
195,Pacific Grove,36.62,-121.92,59.0,91,15,1.03,US,1603079802
196,Tiarei,-17.53,-149.33,84.0,69,20,12.75,PF,1603079803
197,Trudovoye,43.31,132.08,57.2,24,0,4.47,RU,1603079804
198,Mount Isa,-20.73,139.5,100.4,12,48,10.29,AU,1603079805
199,Solnechnyy,50.72,136.63,37.78,63,100,4.85,RU,1603079806
200,Nhulunbuy,-12.23,136.77,86.0,58,100,12.75,AU,1603079807
201,Yar-Sale,66.83,70.83,21.31,96,0,7.61,RU,1603079808
202,Belinsky,52.96,43.42,37.6,84,13,6.93,RU,1603079809
203,Kruisfontein,-34.0,24.73,53.83,90,100,3.2,ZA,1603079810
204,Lompoc,34.64,-120.46,59.0,93,90,6.93,US,1603079811
205,Chokurdakh,70.63,147.92,19.42,98,91,6.4,RU,1603079812
206,Gritsovskiy,54.14,38.16,39.63,84,79,14.34,RU,1603079813
207,Ballina,-28.87,153.57,77.0,64,75,14.99,AU,1603079814
208,Nanortalik,60.14,-45.24,39.31,88,97,4.7,GL,1603079660
209,San Luis Obispo,35.37,-120.53,59.0,93,75,2.28,US,1603079817
210,Morondava,-20.28,44.28,75.49,77,20,5.97,MG,1603079818
211,Maragogi,-9.01,-35.22,73.17,81,60,5.7,BR,1603079819
212,Necochea,-38.55,-58.74,55.99,85,83,7.0,AR,1603079820
213,Andover,51.21,-1.48,48.0,93,99,2.24,GB,1603079821
214,Acapulco de Juárez,16.86,-99.89,81.09,79,100,6.64,MX,1603079601
215,Ouégoa,-20.35,164.43,77.68,55,4,8.61,NC,1603079823
216,Vejprty,50.49,13.03,39.0,91,54,1.99,CZ,1603079824
217,Kavieng,-2.57,150.8,85.86,63,53,6.17,PG,1603079825
218,Maningrida,-12.07,134.27,88.88,45,96,11.68,AU,1603079826
219,Pobé,6.98,2.66,72.72,99,2,4.7,BJ,1603079827
220,Mount Gambier,-37.83,140.77,59.0,54,90,10.29,AU,1603079702
221,Hithadhoo,-0.6,73.08,83.14,75,68,13.65,MV,1603079829
222,Russell,32.35,-85.2,66.2,82,1,5.7,US,1603079831
223,Châteaudun,48.08,1.33,42.8,100,100,2.24,FR,1603079832
224,Requena,39.49,-1.1,50.0,85,3,2.17,ES,1603079833
225,Garden City,42.33,-83.33,46.4,81,90,8.05,US,1603079834
226,Tasiilaq,65.61,-37.64,32.0,95,98,1.12,GL,1603079835
227,Havre-St-Pierre,50.23,-63.6,35.6,93,75,6.93,CA,1603079836
228,Thunder Bay,48.4,-89.32,28.4,86,5,8.05,CA,1603079837
229,Cayenne,4.93,-52.33,75.2,100,0,8.99,GF,1603079838
230,Conceição da Barra,-18.59,-39.73,72.28,76,98,6.38,BR,1603079839
231,Bilibino,68.05,166.44,18.34,95,98,1.92,RU,1603079840
232,Muros,42.78,-9.06,62.01,44,94,12.75,ES,1603079841
233,Sinnamary,5.38,-52.95,79.72,82,1,9.4,GF,1603079842
234,Conceição do Araguaia,-8.26,-49.26,80.06,54,48,5.1,BR,1603079844
235,Inuvik,68.35,-133.72,5.0,84,20,4.27,CA,1603079845
236,Puri,19.8,85.85,82.4,94,75,3.36,IN,1603079558
237,Ahipara,-35.17,173.17,63.66,73,44,11.81,NZ,1603079847
238,Eitorf,50.77,7.45,48.2,87,75,3.36,DE,1603079848
239,Cabo San Lucas,22.89,-109.91,82.4,74,20,8.86,MX,1603079712
240,Egvekinot,66.32,-179.17,24.51,87,0,0.92,RU,1603079850
241,San Patricio,28.02,-97.52,78.8,83,20,11.41,US,1603079851
242,Xifeng,42.74,124.72,60.39,40,0,15.17,CN,1603079852
243,Abu Dhabi,24.47,54.37,77.0,44,0,2.24,AE,1603079589
244,Baraolt,46.08,25.6,42.01,80,96,3.0,RO,1603079854
245,Saint Anthony,45.02,-93.22,32.0,63,75,5.46,US,1603079855
246,Paungde,18.48,95.5,84.16,77,14,2.17,MM,1603079856
247,Dicabisagan,17.08,122.42,84.63,69,80,10.6,PH,1603079858
248,Eureka,40.8,-124.16,55.99,91,3,6.87,US,1603079753
249,Thompson,55.74,-97.86,24.8,100,75,3.36,CA,1603079860
250,Tonantins,-2.87,-67.8,73.76,92,95,1.68,BR,1603079861
251,Maizuru,35.45,135.33,60.01,100,75,1.12,JP,1603079862
252,Caravelas,-17.71,-39.25,72.27,78,96,7.54,BR,1603079863
253,Souillac,-20.52,57.52,75.2,69,40,11.41,MU,1603079864
254,Los Llanos de Aridane,28.66,-17.92,73.4,88,20,13.87,ES,1603079662
255,Lethem,3.38,-59.8,78.91,71,17,6.73,GY,1603079866
256,Chapais,49.78,-74.85,42.8,87,90,20.8,CA,1603079867
257,Karratha,-20.74,116.85,85.68,31,0,14.88,AU,1603079868
258,Omboué,-1.57,9.26,76.73,90,99,8.57,GA,1603079869
259,Kirovskiy,45.09,133.51,51.15,46,0,7.76,RU,1603079870
260,Indiaroba,-11.52,-37.51,73.85,84,39,3.36,BR,1603079871
261,Massakory,13.0,15.73,81.81,17,53,5.88,TD,1603079873
262,Playas,-2.63,-80.38,70.65,85,83,11.74,EC,1603079874
263,Lerwick,60.15,-1.15,44.6,87,100,13.87,GB,1603079875
264,Chuguyevka,44.17,133.86,52.14,42,0,4.9,RU,1603079876
265,Mayo,38.89,-76.51,59.0,93,1,4.7,US,1603079795
266,Saldanha,-33.01,17.94,48.2,87,73,2.24,ZA,1603079878
267,Matara,5.95,80.54,84.29,68,88,12.84,LK,1603079879
268,Cap Malheureux,-19.98,57.61,78.01,65,1,7.0,MU,1603079880
269,Qui Nhon,13.77,109.23,82.36,75,100,2.53,VN,1603079881
270,Bengkulu,-3.8,102.27,84.18,65,77,3.31,ID,1603079882
271,Rubizhne,49.01,38.38,49.66,63,92,2.98,UA,1603079883
272,Santa Marta,11.24,-74.2,82.99,76,84,1.99,CO,1603079884
273,Ponta do Sol,32.67,-17.1,73.4,83,75,33.33,PT,1603079885
274,Benito Juarez,19.39,-99.17,60.8,77,75,5.39,MX,1603079887
275,Havelock,34.88,-76.9,64.0,93,5,7.27,US,1603079888
276,Jīnd,29.32,76.32,81.84,19,0,4.45,IN,1603079889
277,Taoudenni,22.68,-3.98,76.03,19,0,4.79,ML,1603079890
278,Sola,-13.88,167.55,82.4,83,90,19.08,VU,1603079891
279,Lyaskelya,61.77,31.02,34.36,90,98,4.32,RU,1603079892
280,Northport,33.23,-87.58,69.8,68,1,3.36,US,1603079893
281,Shashi,30.31,112.24,67.12,46,78,3.47,CN,1603079894
282,Cumberland,35.05,-78.87,57.0,87,1,5.82,US,1603079639
283,Khromtau,50.25,58.43,48.81,48,0,13.96,KZ,1603079897
284,Tabuk,17.42,121.44,85.14,68,39,6.73,PH,1603079898
285,Vardø,70.37,31.11,30.2,74,20,13.87,NO,1603079899
286,Bubaque,11.28,-15.83,81.7,88,7,14.38,GW,1603079900
287,Perevoz,55.6,44.54,37.58,78,51,12.97,RU,1603079901
288,Mabama,-5.13,32.53,69.8,60,59,11.41,TZ,1603079902
289,Cuamba,-14.8,36.54,70.48,57,55,1.32,MZ,1603079903
290,Zabid,14.2,43.32,83.84,65,0,3.8,YE,1603079904
291,Longyearbyen,78.22,15.64,24.8,79,40,10.29,SJ,1603079795
292,Boyolangu,-8.12,111.89,83.82,68,84,7.36,ID,1603079906
293,Champerico,14.3,-91.92,69.01,97,98,2.73,GT,1603079908
294,Ayan,56.45,138.17,29.07,82,68,18.16,RU,1603079910
295,Kodinsk,58.69,99.18,31.39,94,100,12.73,RU,1603079911
296,Olafsvik,64.89,-23.71,41.29,74,21,29.75,IS,1603079912
297,Severo-Kuril'sk,50.68,156.12,49.41,79,47,11.77,RU,1603079913
298,Akranes,64.32,-22.07,41.0,65,0,4.7,IS,1603079914
299,Devonport,-41.17,146.35,62.01,58,77,1.99,AU,1603079915
300,Khrebtovaya,56.7,104.25,28.92,94,100,11.83,RU,1603079916
301,São João da Barra,-21.64,-41.05,71.44,78,79,14.45,BR,1603079917
302,Itaituba,-4.28,-55.98,76.89,70,79,1.23,BR,1603079918
303,Bilma,18.69,12.92,76.71,19,0,3.87,NE,1603079919
304,Acaraú,-2.89,-40.12,79.0,83,22,12.95,BR,1603079920
305,Nome,64.5,-165.41,39.2,93,90,14.99,US,1603079921
306,Linqiong,30.42,103.46,64.99,77,40,2.24,CN,1603079923
307,Quelimane,-17.88,36.89,67.19,91,13,3.13,MZ,1603079924
308,Beipiao,41.79,120.78,66.04,25,0,6.49,CN,1603079925
309,Makakilo City,21.35,-158.09,82.4,69,40,8.05,US,1603079926
310,Manggar,-2.88,108.27,81.84,77,100,8.01,ID,1603079927
311,San Juan,-31.54,-68.54,76.19,30,0,19.44,AR,1603079809
312,Geraldton,-28.77,114.6,73.4,64,90,14.99,AU,1603079675
313,Palmer,42.16,-72.33,45.0,81,75,3.65,US,1603079930
314,Oranjemund,-28.55,16.43,55.67,90,38,7.63,NA,1603079931
315,Kahului,20.89,-156.47,87.8,52,40,5.82,US,1603079932
316,Alta Floresta,-9.88,-56.09,70.2,97,100,4.16,BR,1603079933
317,Kabo,7.7,18.63,70.56,82,30,2.35,CF,1603079934
318,Aljezur,37.32,-8.8,57.0,93,16,9.62,PT,1603079936
319,Cardston,49.2,-113.3,21.99,92,90,8.05,CA,1603079892
320,Aswān,24.09,32.91,76.64,24,0,6.13,EG,1603079938
321,Hualmay,-11.1,-77.61,61.39,84,12,8.9,PE,1603079939
322,Bundaberg,-24.85,152.35,84.2,48,40,17.22,AU,1603079940
323,Mahébourg,-20.41,57.7,75.2,69,40,11.41,MU,1603079941
324,Novikovo,51.15,37.89,40.05,84,0,8.55,RU,1603079942
325,Iskandar,41.55,69.7,59.0,38,0,2.24,UZ,1603079943
326,Beatrice,40.27,-96.75,39.2,60,90,8.05,US,1603079824
327,Ishigaki,24.34,124.16,82.4,74,75,19.46,JP,1603079945
328,Paamiut,61.99,-49.67,40.46,91,100,14.94,GL,1603079946
329,Tautira,-17.73,-149.15,84.0,69,20,12.75,PF,1603079947
330,Kalispell,48.2,-114.31,30.99,92,90,3.6,US,1603079948
331,Puerto El Triunfo,13.28,-88.55,78.8,94,40,3.36,SV,1603079949
332,Katsuura,35.13,140.3,64.4,55,75,8.05,JP,1603079922
333,Hofn,64.25,-15.21,39.63,89,100,25.61,IS,1603079952
334,Lagoa,39.05,-27.98,62.11,74,6,21.16,PT,1603079937
335,Pangnirtung,66.15,-65.71,32.76,94,100,5.93,CA,1603079954
336,Pangody,65.85,74.49,22.69,96,1,8.28,RU,1603079955
337,Constitución,-35.33,-72.42,48.58,75,0,10.51,CL,1603079839
338,Filiátes,39.6,20.31,57.0,93,20,5.41,GR,1603079957
339,Sitka,57.05,-135.33,41.0,80,40,4.7,US,1603079958
340,Chul'man,56.85,124.91,21.99,89,0,7.45,RU,1603079959
341,Avinurme,58.98,26.86,35.01,92,69,5.01,EE,1603079960
342,Valerianovsk,58.76,59.55,39.85,97,100,6.11,RU,1603079961
343,Guerrero Negro,27.98,-114.06,72.28,73,99,7.34,MX,1603079962
344,Monrovia,6.3,-10.8,76.68,87,100,1.9,LR,1603079963
345,Carutapera,-1.2,-46.02,77.02,85,32,6.02,BR,1603079965
346,Port Blair,11.67,92.75,82.53,81,99,18.28,IN,1603079826
347,Chunskiy,56.08,99.63,33.96,84,82,14.43,RU,1603079967
348,Tual,-5.67,132.75,80.92,78,44,12.93,ID,1603079930
349,Dunedin,-45.87,170.5,52.0,85,100,10.67,NZ,1603079969
350,Frontino,6.78,-76.13,64.53,91,100,1.43,CO,1603079970
351,Shache,38.42,77.24,62.98,26,0,3.29,CN,1603079971
352,Kaminoyama,38.15,140.27,59.0,67,75,3.36,JP,1603079972
353,Codrington,-38.27,141.97,55.94,74,97,8.77,AU,1603079973
354,São Paulo de Olivença,-3.38,-68.87,72.88,88,90,1.45,BR,1603079974
355,Chara,56.91,118.26,29.3,90,36,0.83,RU,1603079975
356,Mūlki,13.1,74.8,78.8,88,40,3.36,IN,1603079976
357,Marsh Harbour,26.54,-77.06,80.92,77,96,18.05,BS,1603079977
358,Braine-le-Château,50.68,4.27,46.99,95,50,4.68,BE,1603079978
359,Panguna,-6.32,155.48,77.83,83,74,0.87,PG,1603079980
360,Saint-Augustin,51.23,-58.65,43.83,77,98,2.08,CA,1603079981
361,Sisimiut,66.94,-53.67,41.11,83,100,25.32,GL,1603079933
362,Grand Gaube,-20.01,57.66,78.01,65,0,7.0,MU,1603079937
363,Bambous Virieux,-20.34,57.76,78.01,69,40,11.41,MU,1603079984
364,Hasaki,35.73,140.83,64.4,68,75,9.17,JP,1603079985
365,Naousa,40.63,22.05,53.01,69,41,1.34,GR,1603079986
366,Tahoua,14.89,5.27,82.4,58,0,4.7,NE,1603079987
367,Orzhytsya,49.79,32.7,41.43,78,0,9.19,UA,1603079988
368,Upernavik,72.79,-56.15,34.7,81,100,7.16,GL,1603079989
369,Pochutla,15.74,-96.47,78.01,83,87,3.47,MX,1603079863
370,Pāsighāt,28.07,95.33,80.2,68,22,2.13,IN,1603079991
371,Lüderitz,-26.65,15.16,61.03,55,1,14.7,NA,1603079908
372,Toora-Khem,52.47,96.11,30.7,84,100,11.32,RU,1603079993
373,Beringovskiy,63.05,179.32,35.76,80,25,5.17,RU,1603079994
374,Monywa,22.12,95.13,86.49,62,50,6.53,MM,1603079996
375,Ternate,0.8,127.4,85.03,68,89,9.98,ID,1603079997
376,Tōgane,35.55,140.37,64.4,68,75,9.17,JP,1603079998
377,Anchorage,61.22,-149.9,35.01,80,75,3.36,US,1603079999
378,Magadan,59.57,150.8,36.12,87,100,15.12,RU,1603080000
379,Berlevåg,70.86,29.09,30.2,92,40,8.05,NO,1603080002
380,Yarim,14.3,44.38,51.33,42,0,5.68,YE,1603080003
381,San José Acatempa,14.27,-90.13,64.99,93,40,9.17,GT,1603080005
382,Humaitá,-7.51,-63.02,73.78,97,100,2.19,BR,1603080006
383,Magomeni,-6.8,39.25,73.4,94,40,6.93,TZ,1603080009
384,Taltal,-25.4,-70.48,56.89,76,41,1.25,CL,1603080010
385,Saint George,37.1,-113.58,73.4,13,1,4.7,US,1603080011
386,Moa,20.66,-74.94,78.46,84,99,10.27,CU,1603080012
387,Tutóia,-2.76,-42.27,79.59,80,18,14.74,BR,1603080014
388,Hobyo,5.35,48.53,79.77,80,33,13.76,SO,1603080015
389,Centralina,-18.58,-49.2,71.47,77,83,11.63,BR,1603080016
390,Dodge City,37.75,-100.02,44.01,56,90,16.11,US,1603080018
391,Leningradskiy,69.38,178.42,24.6,88,0,7.2,RU,1603080019
392,Iqaluit,63.75,-68.51,32.0,93,20,16.11,CA,1603080012
393,Čadca,49.44,18.79,42.8,93,90,1.12,SK,1603080022
394,Badnāwar,23.02,75.22,75.2,94,20,5.82,IN,1603080023
395,Corbélia,-24.8,-53.31,65.53,75,0,6.2,BR,1603080024
396,Meulaboh,4.14,96.13,87.06,58,85,1.34,ID,1603080025
397,Fort Nelson,58.81,-122.7,24.8,53,20,4.7,CA,1603080026
398,Natal,-5.79,-35.21,77.0,78,40,6.93,BR,1603079929
399,Basco,20.45,121.97,82.4,78,49,24.87,PH,1603079925
400,Moffat,55.33,-3.45,52.0,37,99,1.99,GB,1603080030
401,Sokoni,-6.43,39.55,75.2,88,40,8.12,TZ,1603080031
402,Mauá,-23.67,-46.46,64.4,82,40,6.93,BR,1603080033
403,Lago da Pedra,-4.33,-45.17,75.69,82,34,5.66,BR,1603080034
404,Bongandanga,1.5,21.05,69.06,99,100,1.66,CD,1603080035
405,Senneterre,48.38,-77.23,32.0,96,90,5.82,CA,1603080036
406,Panzhihua,26.59,101.71,64.45,71,99,2.44,CN,1603080038
407,Te Anau,-45.42,167.72,45.52,88,100,1.25,NZ,1603080039
408,Tuatapere,-46.13,167.68,53.01,75,100,11.99,NZ,1603079922
409,George,-33.96,22.46,50.0,100,90,3.36,ZA,1603080041
410,Muzhi,65.37,64.67,21.06,94,51,2.75,RU,1603080042
411,Terrace Bay,48.78,-87.1,31.77,93,73,9.66,CA,1603080043
412,Port Hedland,-20.32,118.57,87.8,45,0,19.46,AU,1603080044
413,Tacuatí,-23.45,-56.58,70.68,74,1,2.55,PY,1603080045
414,Huilong,31.81,121.66,73.0,56,96,3.0,CN,1603080047
415,Krasnyy Yar,46.53,48.35,42.8,87,1,4.47,RU,1603080049
416,Klaksvík,62.23,-6.59,41.0,86,100,5.82,FO,1603080050
417,Svetlopolyansk,59.42,52.36,40.71,89,100,11.48,RU,1603080052
418,Korla,41.76,86.15,60.01,30,0,2.59,CN,1603080053
419,Maceió,-9.67,-35.74,68.0,100,60,3.36,BR,1603080054
420,Bergen,60.39,5.33,36.0,68,100,2.24,NO,1603080056
421,Northam,51.03,-4.22,50.0,87,100,5.99,GB,1603080057
422,Larap,14.3,122.65,82.42,86,96,12.28,PH,1603080058
423,Poddor'ye,57.47,31.12,36.64,85,60,10.85,RU,1603080059
424,Xingyi,24.19,102.82,58.03,77,98,5.32,CN,1603080061
425,Airai,-8.93,125.41,80.89,38,66,5.41,TL,1603080062
426,Babaeski,41.43,27.09,51.49,55,4,5.12,TR,1603080063
427,Vetluzhskiy,58.39,45.47,35.56,84,87,11.01,RU,1603080064
428,Rurrenabaque,-14.44,-67.53,72.52,94,96,1.79,BO,1603080065
429,Alingsås,57.93,12.53,32.0,78,92,2.24,SE,1603080066
430,Coari,-4.08,-63.14,74.25,95,100,1.9,BR,1603080051
431,Muscat,23.61,58.59,69.8,52,20,4.7,OM,1603080069
432,Porosozero,62.72,32.73,31.68,99,100,4.79,RU,1603080070
433,Anori,-3.77,-61.64,74.93,94,100,0.83,BR,1603080072
434,Makkah al Mukarramah,21.43,39.83,77.04,18,0,2.24,SA,1603080073
435,Ferme-Neuve,46.7,-75.45,47.43,76,99,12.26,CA,1603080074
436,Yining,29.04,114.56,66.52,64,47,4.34,CN,1603080075
437,Margate,51.38,1.39,51.01,79,100,11.83,GB,1603080076
438,Umluj,25.02,37.27,83.17,37,0,2.84,SA,1603080077
439,La Ronge,55.1,-105.28,24.8,68,90,5.82,CA,1603080078
440,Novyy Nekouz,57.9,38.07,36.37,86,90,11.01,RU,1603080080
441,Yeppoon,-23.13,150.73,89.6,29,40,4.7,AU,1603079925
442,Poum,-20.23,164.02,74.7,66,0,12.26,NC,1603080082
443,Saposoa,-6.93,-76.77,71.85,83,90,2.39,PE,1603080083
444,Ruska Poliana,49.42,31.92,42.37,80,26,9.95,UA,1603080084
445,Ghanzi,-21.57,21.78,72.14,20,0,6.96,BW,1603080085
446,Saint-Louis,16.33,-15.0,84.2,58,0,8.28,SN,1603080087
447,The Valley,18.22,-63.06,80.01,88,2,1.12,AI,1603079925
448,Payo,-3.75,103.64,92.57,49,37,2.73,ID,1603080089
449,Huarmey,-10.07,-78.15,62.29,84,6,8.05,PE,1603080090
450,Ganzhou,28.82,115.43,64.18,72,95,6.33,CN,1603080092
451,Aldan,58.6,125.39,22.75,89,0,7.83,RU,1603080093
452,Balkanabat,39.51,54.37,66.07,23,0,1.92,TM,1603080095
453,Arrondissement de Carpentras,44.08,5.17,37.4,86,5,2.24,FR,1603080096
454,Avera,33.19,-82.53,59.0,93,1,4.7,US,1603080097
455,Lokosovo,61.13,74.82,27.55,97,98,10.02,RU,1603080098
456,Singarāyakonda,15.25,80.03,86.7,64,33,5.5,IN,1603080099
457,Belgrade,44.8,20.47,39.2,100,0,3.36,RS,1603079952
458,Río Tercero,-32.17,-64.11,73.99,52,0,1.99,AR,1603080102
459,Leiyang,26.4,112.86,63.37,73,95,7.25,CN,1603079829
460,Kamaishi,39.27,141.88,60.8,72,75,2.24,JP,1603080104
461,Srednekolymsk,67.45,153.68,25.18,97,88,3.0,RU,1603080106
462,El Alto,-4.27,-81.21,63.25,88,66,16.08,PE,1603080107
463,Dudinka,69.41,86.18,10.4,85,20,11.18,RU,1603080108
464,Flinders,-34.58,150.86,68.0,63,46,4.0,AU,1603080002
465,Say,13.1,2.37,84.2,51,0,6.93,NE,1603080110
466,Province of Palermo,37.82,13.58,62.01,95,19,3.04,IT,1603080111
467,Ambulu,-8.35,113.61,85.32,66,44,8.03,ID,1603080112
468,Puerto Ayacucho,5.66,-67.62,75.9,86,80,3.15,VE,1603080114
469,Barra de Tecoanapa,16.52,-98.75,81.86,78,97,5.12,MX,1603080115
470,Chute-aux-Outardes,49.12,-68.4,44.6,81,1,8.05,CA,1603080116
471,Dzerzhinsk,56.24,43.46,37.4,84,75,11.18,RU,1603080117
472,Morón,-34.65,-58.62,80.01,70,0,5.01,AR,1603080119
473,Pindi Gheb,33.24,72.27,66.2,59,0,6.93,PK,1603080045
474,Nuuk,64.18,-51.72,41.0,100,100,46.08,GL,1603080105
475,Pangkalanbuun,-2.68,111.62,91.71,52,89,2.51,ID,1603080122
476,Grindavik,63.84,-22.43,41.0,80,0,14.99,IS,1603080123
477,Cankuzo Province,-3.13,30.58,60.8,85,51,1.52,BI,1603080125
478,Tres Arroyos,-38.37,-60.28,56.95,85,35,4.05,AR,1603080126
479,Kutum,14.2,24.67,71.94,21,58,9.75,SD,1603080127
480,Ariquemes,-9.91,-63.04,72.66,83,76,3.29,BR,1603079998
481,Nouadhibou,20.93,-17.03,77.0,53,0,16.11,MR,1603080129
482,Vestmanna,62.16,-7.17,41.0,86,99,5.82,FO,1603080130
483,Constantine,36.37,6.61,44.6,81,0,1.92,DZ,1603080131
484,Marrakesh,31.63,-8.01,66.2,55,33,4.7,MA,1603080133
485,Haines Junction,60.75,-137.51,23.54,81,100,0.92,CA,1603080134
486,San Cristobal,7.77,-72.22,66.11,82,92,2.66,VE,1603080134
487,Kanganpur,30.77,74.12,84.94,14,0,2.28,PK,1603080136
488,Weiser,44.25,-116.97,57.2,58,20,3.36,US,1603080137
489,Evensk,61.95,159.23,38.16,91,100,4.09,RU,1603079865
490,Salalah,17.02,54.09,75.2,41,75,2.24,OM,1603080139
491,Ostrovnoy,68.05,39.51,36.3,80,100,15.52,RU,1603080140
492,Ruteng,-8.61,120.47,77.61,70,23,0.63,ID,1603079971
493,Ayr,55.46,-4.63,53.01,93,40,9.17,GB,1603079933
494,Mingora,34.78,72.36,74.73,19,0,2.48,PK,1603080144
495,Ericeira,38.96,-9.42,62.01,87,11,14.0,PT,1603080145
496,Baruun-Urt,46.68,113.28,51.44,39,0,16.33,MN,1603080146
497,Vanimo,-2.67,141.3,83.88,74,100,5.48,PG,1603080147
498,Muyezerskiy,63.93,31.65,31.01,98,100,8.21,RU,1603080148
499,Xichang,27.9,102.26,56.16,72,100,1.48,CN,1603080149
500,Celestún,20.87,-90.4,79.5,83,0,12.68,MX,1603080150
501,Jalu,29.03,21.55,72.3,52,97,8.61,LY,1603080152
502,Māngrol,21.12,70.12,84.79,71,70,6.58,IN,1603080153
503,Dubti,11.74,41.09,84.97,25,0,1.07,ET,1603080154
504,Tafresh,34.69,50.01,50.31,35,0,0.49,IR,1603080155
505,Merauke,-8.47,140.33,81.84,79,67,17.29,ID,1603080156
506,Baykit,61.67,96.37,26.82,92,100,13.87,RU,1603079953
507,Gandorhun,7.5,-11.83,73.65,97,100,2.17,SL,1603080159
508,Kirakira,-10.45,161.92,83.7,76,91,7.96,SB,1603080160
509,Sumkino,58.11,68.32,34.09,90,100,10.74,RU,1603080161
510,Eyl,7.98,49.82,81.81,67,36,12.68,SO,1603080162
511,Neuquén,-38.95,-68.06,59.0,33,27,9.17,AR,1603080163
512,Sawākin,19.11,37.33,81.12,66,0,7.38,SD,1603080164
513,Mercedes,-34.65,-59.43,80.01,32,0,4.0,AR,1603080165
514,Sibul Springs,15.17,121.06,89.6,59,75,4.7,PH,1603080166
515,High Level,58.52,-117.14,23.0,62,90,6.93,CA,1603080167
516,Sayyan,15.17,44.32,52.9,39,0,4.27,YE,1603080169
517,Annecy-le-Vieux,45.92,6.14,39.99,93,16,3.36,FR,1603080170
518,Cockburn Town,21.46,-71.14,82.2,74,98,13.96,TC,1603080171
519,Cherskiy,68.75,161.3,22.35,94,81,6.82,RU,1603079927
520,La Peca,-5.61,-78.44,68.76,72,23,3.04,PE,1603080173
521,Progreso,21.28,-89.67,80.01,88,75,5.82,MX,1603080174
522,Diré,12.28,-10.97,74.59,78,0,1.21,ML,1603080175
523,Herre,59.1,9.57,36.0,80,98,3.0,NO,1603080176
524,Bonfim,3.08,-59.95,79.12,71,32,4.14,BR,1603080177
525,Esik,43.36,77.45,55.4,28,0,2.24,KZ,1603080179
526,Belaya Gora,68.53,146.42,20.91,97,95,6.73,RU,1603080180
527,Port-Gentil,-0.72,8.78,78.19,88,98,14.61,GA,1603079915
528,Eenhana,-17.47,16.33,73.4,18,0,4.7,NA,1603080182
529,Rawson,-43.3,-65.1,56.91,37,0,22.57,AR,1603080183
530,Banda Aceh,5.56,95.32,89.22,54,66,8.55,ID,1603080184
531,Nyimba,-14.56,30.81,70.0,30,24,2.89,ZM,1603080185
532,Mabaruma,8.2,-59.78,74.41,88,29,2.93,GY,1603080186
533,Tema,5.67,-0.02,77.0,94,20,4.7,GH,1603080187
534,Kandrian,-6.22,149.55,82.24,74,100,5.86,PG,1603080188
535,Shimoda,34.67,138.95,64.4,63,75,17.22,JP,1603080189
536,Ancud,-41.87,-73.82,45.0,93,75,4.7,CL,1603080191
537,Ugra,54.78,34.33,35.31,93,56,7.27,RU,1603080192
538,Tonj,7.27,28.68,68.88,93,45,2.64,SS,1603080193
539,Mangai,-4.05,19.53,69.44,99,93,0.47,CD,1603080194
540,Watertown,42.37,-71.18,50.0,81,90,3.36,US,1603080088
541,Hervey Bay,-25.3,152.85,84.2,48,40,17.22,AU,1603080196
542,Moundsville,39.92,-80.74,57.2,58,90,4.7,US,1603080197
543,Chipinge,-20.19,32.62,62.26,36,52,2.06,ZW,1603080198
544,Vágur,61.47,-6.81,42.87,81,100,18.99,FO,1603080199
545,Tombouctou,20.0,-3.0,83.77,19,0,7.87,ML,1603080200
546,Stann Creek Town,16.97,-88.23,75.99,92,48,5.82,BZ,1603079927
547,Aklavik,68.22,-135.01,5.0,84,20,7.0,CA,1603080203
548,Laurel,39.1,-76.85,55.99,93,40,4.03,US,1603080020
549,Lata,40.16,-8.33,62.01,72,49,10.29,PT,1603080205
550,Tezu,27.92,96.17,75.99,75,76,1.19,IN,1603080206
551,Coyhaique,-45.58,-72.07,37.4,87,90,5.82,CL,1603080000
552,Ino,33.55,133.43,62.6,82,75,2.24,JP,1603080208
553,Brae,60.4,-1.35,44.6,87,100,13.87,GB,1603080209
554,Dossor,47.53,52.98,55.42,35,0,13.11,KZ,1603080211
555,Lac du Bonnet,50.25,-96.06,28.99,98,24,4.0,CA,1603080212
556,Pļaviņas,56.62,25.73,35.49,89,45,10.25,LV,1603080213
557,Mandapeta,16.87,81.93,82.4,83,90,5.82,IN,1603080214
558,Waingapu,-9.66,120.26,88.81,57,7,12.35,ID,1603080215
559,Kawalu,-7.38,108.21,79.02,78,81,4.47,ID,1603080216
560,Uvat,59.14,68.9,32.4,98,100,14.05,RU,1603080217
561,Palana,59.12,159.97,38.71,86,100,8.39,RU,1603080218
562,Soe,-9.86,124.28,89.35,30,7,10.71,ID,1603080219
563,Biskamzha,53.45,89.53,28.2,92,100,17.36,RU,1603080221
564,Indian Harbour Beach,28.15,-80.59,81.0,78,20,19.46,US,1603080222
565,Pamanukan,-6.28,107.81,90.93,50,25,7.09,ID,1603080223
566,Sistranda,63.73,8.83,39.2,93,75,11.41,NO,1603080224
567,Kokologo,12.19,-1.89,80.6,83,64,4.7,BF,1603080225
568,Kalemie,-5.95,29.19,70.81,71,28,1.83,CD,1603080226
569,Road Town,18.42,-64.62,80.01,85,7,1.01,VG,1603080227
570,Chenghai,23.46,116.77,80.6,54,40,6.71,CN,1603080229
571,Eston,51.15,-108.75,21.99,57,90,4.7,CA,1603080006
572,Teya,60.38,92.63,26.94,91,100,14.97,RU,1603080231
573,Luanda,-8.84,13.23,75.2,88,75,6.93,AO,1603080004
574,Jutaí,-5.18,-68.9,72.1,95,80,1.68,BR,1603080233
575,Marovoay,-16.1,46.63,73.4,64,20,6.93,MG,1603080234
576,Nísia Floresta,-6.09,-35.21,77.0,78,40,6.93,BR,1603080235
577,Vila,42.03,-8.16,57.99,51,97,1.99,PT,1603080236
578,Kem',64.96,34.58,34.39,96,100,15.88,RU,1603080237
579,Santa Maria,-29.68,-53.81,65.14,73,0,4.47,BR,1603079974
580,Bria,6.54,21.99,67.8,94,100,2.26,CF,1603080239
581,Finschhafen,-6.6,147.87,84.78,66,95,4.63,PG,1603080241
582,Trairi,-3.28,-39.27,80.29,76,84,15.41,BR,1603080242
